paths: 94
flatIntVars: 92
flatIntConstraints: 60
method: minimize
flatTime: 0:00:00.296390
time: 358
initTime: 0:00:00.000758
solveTime: 0:00:00.043600
solutions: 1
variables: 92
propagators: 61
propagations: 48892
nodes: 3908
failures: 1947
restarts: 0
peakDepth: 28
nSolutions: 1
