paths: 104
flatIntVars: 102
flatIntConstraints: 66
method: minimize
flatTime: 0:00:00.300475
time: 14753
initTime: 0:00:00.000807
solveTime: 0:00:14.434600
solutions: 1
variables: 102
propagators: 67
propagations: 22994878
nodes: 1986626
failures: 993306
restarts: 0
peakDepth: 39
nSolutions: 1
