paths: 129
flatIntVars: 127
flatIntConstraints: 81
method: minimize
flatTime: 0:00:00.320535
time: 29307
initTime: 0:00:00.000944
solveTime: 0:00:28.967100
solutions: 1
variables: 127
propagators: 82
propagations: 26090669
nodes: 2894359
failures: 1447178
restarts: 0
peakDepth: 72
nSolutions: 1
