{
    "Status": 9,
    "Runtime": 301.0069332122803,
    "Work": 76.61348304729115,
    "ObjVal": 40,
    "ObjBound": 39,
    "ObjBoundC": 39,
    "MIPGap": 0.025,
    "IntVio": 0,
    "BoundVio": 0,
    "ConstrVio": 0,
    "IterCount": 3505855,
    "BarIterCount": 0,
    "NodeCount": 135807,
    "SolCount": 5,
    "PoolObjBound": 39,
    "PoolObjVal": [
        40,
        41,
        42,
        46,
        47
    ],
    "status": "9"
}