{
    "paths": 444,
    "flatBoolVars": 10948,
    "flatIntVars": 509,
    "flatBoolConstraints": 2918,
    "flatIntConstraints": 11168,
    "evaluatedReifiedConstraints": 10802,
    "eliminatedImplications": 288,
    "method": "minimize",
    "flatTime": "0:00:06.601000",
    "time": "0:04:53.827000",
    "nSolutions": 438,
    "nodes": 2304525,
    "failures": 896763,
    "restarts": 2181,
    "variables": 335860,
    "intVars": 678,
    "boolVariables": 335180,
    "propagators": 22190,
    "propagations": 2345863094,
    "peakDepth": 1014,
    "nogoods": 896763,
    "backjumps": 1014695,
    "peakMem": 0.0,
    "initTime": "0:00:00.433000",
    "solveTime": "0:04:53.394000",
    "objective": 92,
    "optTime": "0:01:37.200000",
    "baseMem": 0.0,
    "trailMem": 0.42,
    "randomSeed": 1660203297,
    "status": "SATISFIED"
}