{
    "paths": 444,
    "flatBoolVars": 11028,
    "flatIntVars": 509,
    "flatBoolConstraints": 2966,
    "flatIntConstraints": 11232,
    "evaluatedReifiedConstraints": 10850,
    "eliminatedImplications": 320,
    "method": "minimize",
    "flatTime": "0:00:05.148490",
    "time": "0:04:55.139000",
    "nSolutions": 438,
    "nodes": 3045626,
    "failures": 1289602,
    "restarts": 2646,
    "variables": 335956,
    "intVars": 678,
    "boolVariables": 335276,
    "propagators": 22302,
    "propagations": 3405279218,
    "peakDepth": 1000,
    "nogoods": 1289602,
    "backjumps": 1328960,
    "peakMem": 0.0,
    "initTime": "0:00:00.283000",
    "solveTime": "0:04:54.856000",
    "objective": 92,
    "optTime": "0:00:35.935000",
    "baseMem": 0.0,
    "trailMem": 0.42,
    "randomSeed": 1660640765,
    "status": "SATISFIED"
}