{
    "Status": 2,
    "Runtime": 0.049274444580078125,
    "Work": 0.010636936867002237,
    "ObjVal": 13,
    "ObjBound": 13,
    "ObjBoundC": 13,
    "MIPGap": 0,
    "IntVio": 0,
    "BoundVio": 0,
    "ConstrVio": 0,
    "IterCount": 484,
    "BarIterCount": 0,
    "NodeCount": 1,
    "SolCount": 5,
    "PoolObjBound": 13,
    "PoolObjVal": [
        13,
        14,
        16,
        16.999999999999915,
        18
    ],
    "solutionTime": 0.04927492141723633,
    "solutionCpuTime": 0.046999999991385266,
    "status": "Optimal"
}