{
    "Status": 2,
    "Runtime": 0.07700347900390625,
    "Work": 0.029917346344538437,
    "ObjVal": 17,
    "ObjBound": 17,
    "ObjBoundC": 17,
    "MIPGap": 0,
    "IntVio": 0,
    "BoundVio": 0,
    "ConstrVio": 1.0658141036401503e-14,
    "IterCount": 1060,
    "BarIterCount": 0,
    "NodeCount": 1,
    "SolCount": 6,
    "PoolObjBound": 17,
    "PoolObjVal": [
        17,
        18,
        18.999999999999954,
        20,
        20.99999999999998,
        23
    ],
    "solutionTime": 0.08799958229064941,
    "solutionCpuTime": 0.09400000001187436,
    "status": "Optimal"
}