{
    "Status": 2,
    "Runtime": 0.02196502685546875,
    "Work": 0.00546256064241949,
    "ObjVal": 12,
    "ObjBound": 12,
    "ObjBoundC": 12,
    "MIPGap": 0,
    "IntVio": 0,
    "BoundVio": 0,
    "ConstrVio": 0,
    "IterCount": 185,
    "BarIterCount": 0,
    "NodeCount": 1,
    "SolCount": 6,
    "PoolObjBound": 12,
    "PoolObjVal": [
        12,
        12.999999999999986,
        13.999999999999993,
        14.999999999999996,
        16,
        17
    ],
    "solutionTime": 0.02696967124938965,
    "solutionCpuTime": 0.01600000000325963,
    "status": "Optimal"
}