{
    "Status": 2,
    "Runtime": 0.00695037841796875,
    "Work": 0.001419221598621454,
    "ObjVal": 10,
    "ObjBound": 10,
    "ObjBoundC": 10,
    "MIPGap": 0,
    "IntVio": 0,
    "BoundVio": 0,
    "ConstrVio": 0,
    "IterCount": 39,
    "BarIterCount": 0,
    "NodeCount": 1,
    "SolCount": 2,
    "PoolObjBound": 10,
    "PoolObjVal": [
        10,
        14
    ],
    "solutionTime": 0.01096343994140625,
    "solutionCpuTime": 0.015000000013969839,
    "status": "Optimal"
}