{
    "Status": 2,
    "Runtime": 0.06496047973632812,
    "Work": 0.02094927933074456,
    "ObjVal": 13,
    "ObjBound": 13,
    "ObjBoundC": 13,
    "MIPGap": 0,
    "IntVio": 0,
    "BoundVio": 0,
    "ConstrVio": 0,
    "IterCount": 1119,
    "BarIterCount": 0,
    "NodeCount": 85,
    "SolCount": 3,
    "PoolObjBound": 13,
    "PoolObjVal": [
        13,
        14,
        21
    ],
    "solutionTime": 0.07199978828430176,
    "solutionCpuTime": 0.062000000005355105,
    "status": "Optimal"
}