{
    "Status": 2,
    "Runtime": 0.017963409423828125,
    "Work": 0.0038374012260964183,
    "ObjVal": 11,
    "ObjBound": 11,
    "ObjBoundC": 11,
    "MIPGap": 0,
    "IntVio": 0,
    "BoundVio": 0,
    "ConstrVio": 0,
    "IterCount": 202,
    "BarIterCount": 0,
    "NodeCount": 1,
    "SolCount": 4,
    "PoolObjBound": 11,
    "PoolObjVal": [
        11,
        12.999999999999984,
        14,
        15
    ],
    "solutionTime": 0.022961139678955078,
    "solutionCpuTime": 0.030999999988125637,
    "status": "Optimal"
}