{
    "Status": 2,
    "Runtime": 0.08796310424804688,
    "Work": 0.03567096201526728,
    "ObjVal": 16,
    "ObjBound": 16,
    "ObjBoundC": 16,
    "MIPGap": 0,
    "IntVio": 0,
    "BoundVio": 0,
    "ConstrVio": 0,
    "IterCount": 2685,
    "BarIterCount": 0,
    "NodeCount": 535,
    "SolCount": 6,
    "PoolObjBound": 16,
    "PoolObjVal": [
        16,
        16.999999999999996,
        17.999999999999982,
        19,
        20,
        21
    ],
    "solutionTime": 0.09596633911132812,
    "solutionCpuTime": 0.09400000001187436,
    "status": "Optimal"
}