{
    "Status": 2,
    "Runtime": 0.11496734619140625,
    "Work": 0.04567388850558476,
    "ObjVal": 17,
    "ObjBound": 17,
    "ObjBoundC": 17,
    "MIPGap": 0,
    "IntVio": 0,
    "BoundVio": 0,
    "ConstrVio": 0,
    "IterCount": 2323,
    "BarIterCount": 0,
    "NodeCount": 127,
    "SolCount": 4,
    "PoolObjBound": 17,
    "PoolObjVal": [
        17,
        17.999999999999986,
        20,
        23
    ],
    "solutionTime": 0.12600255012512207,
    "solutionCpuTime": 0.125,
    "status": "Optimal"
}