{
    "Status": 2,
    "Runtime": 0.0269927978515625,
    "Work": 0.007514004557637407,
    "ObjVal": 14,
    "ObjBound": 14,
    "ObjBoundC": 14,
    "MIPGap": 0,
    "IntVio": 0,
    "BoundVio": 0,
    "ConstrVio": 1.7763568394002505e-15,
    "IterCount": 276,
    "BarIterCount": 0,
    "NodeCount": 1,
    "SolCount": 4,
    "PoolObjBound": 14,
    "PoolObjVal": [
        14,
        16,
        18,
        19
    ],
    "solutionTime": 0.03396463394165039,
    "solutionCpuTime": 0.046999999962281436,
    "status": "Optimal"
}