{
    "Status": 2,
    "Runtime": 0.08896446228027344,
    "Work": 0.02635709388210405,
    "ObjVal": 13,
    "ObjBound": 13,
    "ObjBoundC": 13,
    "MIPGap": 0,
    "IntVio": 0,
    "BoundVio": 0,
    "ConstrVio": 0,
    "IterCount": 2108,
    "BarIterCount": 0,
    "NodeCount": 399,
    "SolCount": 5,
    "PoolObjBound": 13,
    "PoolObjVal": [
        13,
        13.999999999999998,
        15.999999999999968,
        17,
        21
    ],
    "solutionTime": 0.09796619415283203,
    "solutionCpuTime": 0.09399999998277053,
    "status": "Optimal"
}