{
    "Status": 2,
    "Runtime": 0.0809783935546875,
    "Work": 0.024958832071762325,
    "ObjVal": 16,
    "ObjBound": 16,
    "ObjBoundC": 16,
    "MIPGap": 0,
    "IntVio": 0,
    "BoundVio": 0,
    "ConstrVio": 0,
    "IterCount": 1171,
    "BarIterCount": 0,
    "NodeCount": 97,
    "SolCount": 5,
    "PoolObjBound": 16,
    "PoolObjVal": [
        16,
        16.999999999999993,
        18,
        19,
        21
    ],
    "solutionTime": 0.0899958610534668,
    "solutionCpuTime": 0.07900000002700835,
    "status": "Optimal"
}