{
    "Status": 2,
    "Runtime": 0.019971847534179688,
    "Work": 0.0015409017777875927,
    "ObjVal": 9,
    "ObjBound": 9,
    "ObjBoundC": 9,
    "MIPGap": 0,
    "IntVio": 0,
    "BoundVio": 0,
    "ConstrVio": 0,
    "IterCount": 62,
    "BarIterCount": 0,
    "NodeCount": 1,
    "SolCount": 2,
    "PoolObjBound": 9,
    "PoolObjVal": [
        9,
        12
    ],
    "solutionTime": 0.02499842643737793,
    "solutionCpuTime": 0.015000000013969839,
    "status": "Optimal"
}