{
    "Status": 2,
    "Runtime": 0.029964447021484375,
    "Work": 0.010399324436093123,
    "ObjVal": 15,
    "ObjBound": 15,
    "ObjBoundC": 15,
    "MIPGap": 0,
    "IntVio": 0,
    "BoundVio": 0,
    "ConstrVio": 0,
    "IterCount": 316,
    "BarIterCount": 0,
    "NodeCount": 1,
    "SolCount": 6,
    "PoolObjBound": 15,
    "PoolObjVal": [
        15,
        15.999999999999995,
        18,
        19,
        22,
        24
    ],
    "solutionTime": 0.036965131759643555,
    "solutionCpuTime": 0.031000000017229468,
    "status": "Optimal"
}