{
    "Status": 2,
    "Runtime": 0.0749969482421875,
    "Work": 0.017675268418963955,
    "ObjVal": 12,
    "ObjBound": 12,
    "ObjBoundC": 12,
    "MIPGap": 0,
    "IntVio": 0,
    "BoundVio": 0,
    "ConstrVio": 0,
    "IterCount": 1282,
    "BarIterCount": 0,
    "NodeCount": 243,
    "SolCount": 3,
    "PoolObjBound": 12,
    "PoolObjVal": [
        12,
        13,
        17
    ],
    "solutionTime": 0.08096170425415039,
    "solutionCpuTime": 0.0940000000409782,
    "status": "Optimal"
}