{
    "Status": 2,
    "Runtime": 0.009000778198242188,
    "Work": 0.0038912035027268282,
    "ObjVal": 14,
    "ObjBound": 14,
    "ObjBoundC": 14,
    "MIPGap": 0,
    "IntVio": 0,
    "BoundVio": 0,
    "ConstrVio": 0,
    "IterCount": 213,
    "BarIterCount": 0,
    "NodeCount": 1,
    "SolCount": 2,
    "PoolObjBound": 14,
    "PoolObjVal": [
        14,
        20
    ],
    "solutionTime": 0.015001773834228516,
    "solutionCpuTime": 0.01600000000325963,
    "status": "Optimal"
}