{
    "Status": 2,
    "Runtime": 0.04897308349609375,
    "Work": 0.0126029178490712,
    "ObjVal": 14,
    "ObjBound": 14,
    "ObjBoundC": 14,
    "MIPGap": 0,
    "IntVio": 0,
    "BoundVio": 0,
    "ConstrVio": 3.552713678800501e-14,
    "IterCount": 275,
    "BarIterCount": 0,
    "NodeCount": 1,
    "SolCount": 6,
    "PoolObjBound": 14,
    "PoolObjVal": [
        14,
        15,
        16.999999999999964,
        18,
        29.9999999999999,
        31
    ],
    "solutionTime": 0.05597424507141113,
    "solutionCpuTime": 0.06299999996554106,
    "status": "Optimal"
}