{
    "Status": 2,
    "Runtime": 2.031248092651367,
    "Work": 0.9281303386165127,
    "ObjVal": 19,
    "ObjBound": 19,
    "ObjBoundC": 19,
    "MIPGap": 0,
    "IntVio": 0,
    "BoundVio": 0,
    "ConstrVio": 0,
    "IterCount": 110921,
    "BarIterCount": 0,
    "NodeCount": 11011,
    "SolCount": 6,
    "PoolObjBound": 19,
    "PoolObjVal": [
        19,
        20,
        20.999999997799954,
        21,
        22,
        43
    ],
    "solutionTime": 2.031247854232788,
    "solutionCpuTime": 2.0309999999881256,
    "status": "Optimal"
}