{
    "Status": 2,
    "Runtime": 0.14058876037597656,
    "Work": 0.04501709125602765,
    "ObjVal": 16,
    "ObjBound": 16,
    "ObjBoundC": 16,
    "MIPGap": 0,
    "IntVio": 0,
    "BoundVio": 0,
    "ConstrVio": 0,
    "IterCount": 7084,
    "BarIterCount": 0,
    "NodeCount": 1345,
    "SolCount": 5,
    "PoolObjBound": 16,
    "PoolObjVal": [
        16,
        17,
        17.999999999999922,
        19,
        24
    ],
    "solutionTime": 0.14058852195739746,
    "solutionCpuTime": 0.14000000001396984,
    "status": "Optimal"
}