{
    "Status": 2,
    "Runtime": 0.1405963897705078,
    "Work": 0.06127326214097637,
    "ObjVal": 14,
    "ObjBound": 14,
    "ObjBoundC": 14,
    "MIPGap": 0,
    "IntVio": 0,
    "BoundVio": 0,
    "ConstrVio": 0,
    "IterCount": 5461,
    "BarIterCount": 0,
    "NodeCount": 1286,
    "SolCount": 5,
    "PoolObjBound": 14,
    "PoolObjVal": [
        14,
        14.999999999999973,
        16,
        16.99999999999973,
        18
    ],
    "solutionTime": 0.14059710502624512,
    "solutionCpuTime": 0.14000000001396984,
    "status": "Optimal"
}