{
    "Status": 2,
    "Runtime": 0.016965866088867188,
    "Work": 0.001998978396478852,
    "ObjVal": 9,
    "ObjBound": 9,
    "ObjBoundC": 9,
    "MIPGap": 0,
    "IntVio": 0,
    "BoundVio": 0,
    "ConstrVio": 0,
    "IterCount": 117,
    "BarIterCount": 0,
    "NodeCount": 1,
    "SolCount": 3,
    "PoolObjBound": 9,
    "PoolObjVal": [
        9,
        12,
        14
    ],
    "solutionTime": 0.018963336944580078,
    "solutionCpuTime": 0.015000000013969839,
    "status": "Optimal"
}