{
    "Status": 2,
    "Runtime": 0.09376716613769531,
    "Work": 0.02578927052652146,
    "ObjVal": 13,
    "ObjBound": 13,
    "ObjBoundC": 13,
    "MIPGap": 0,
    "IntVio": 0,
    "BoundVio": 0,
    "ConstrVio": 3.907985046680551e-14,
    "IterCount": 2369,
    "BarIterCount": 0,
    "NodeCount": 343,
    "SolCount": 5,
    "PoolObjBound": 13,
    "PoolObjVal": [
        13,
        13.999999999999998,
        14.999999999999996,
        16,
        18
    ],
    "solutionTime": 0.0937654972076416,
    "solutionCpuTime": 0.09399999998277053,
    "status": "Optimal"
}