{
    "Status": 2,
    "Runtime": 0.14062118530273438,
    "Work": 0.05212522141271944,
    "ObjVal": 15,
    "ObjBound": 15,
    "ObjBoundC": 15,
    "MIPGap": 0,
    "IntVio": 0,
    "BoundVio": 0,
    "ConstrVio": 0,
    "IterCount": 7051,
    "BarIterCount": 0,
    "NodeCount": 1272,
    "SolCount": 4,
    "PoolObjBound": 15,
    "PoolObjVal": [
        15,
        15.999999999999998,
        17,
        24
    ],
    "solutionTime": 0.1406235694885254,
    "solutionCpuTime": 0.14100000000325963,
    "status": "Optimal"
}