{
    "Status": 2,
    "Runtime": 1.1562156677246094,
    "Work": 0.6097898847562969,
    "ObjVal": 17,
    "ObjBound": 17,
    "ObjBoundC": 17,
    "MIPGap": 0,
    "IntVio": 0,
    "BoundVio": 0,
    "ConstrVio": 0,
    "IterCount": 59909,
    "BarIterCount": 0,
    "NodeCount": 6623,
    "SolCount": 6,
    "PoolObjBound": 17,
    "PoolObjVal": [
        17,
        18,
        19,
        20,
        23,
        24
    ],
    "solutionTime": 1.1718435287475586,
    "solutionCpuTime": 1.1719999999622814,
    "status": "Optimal"
}