{
    "Status": 9,
    "Runtime": 300.04684257507324,
    "Work": 146.68827898547644,
    "ObjVal": 35.999999003698846,
    "ObjBound": 35,
    "ObjBoundC": 35,
    "MIPGap": 0.02777775087149588,
    "IntVio": 0,
    "BoundVio": 0,
    "ConstrVio": 9.96301107392128e-07,
    "IterCount": 15365537,
    "BarIterCount": 0,
    "NodeCount": 828841,
    "SolCount": 5,
    "PoolObjBound": 35,
    "PoolObjVal": [
        35.999999003698846,
        35.99999999629999,
        36,
        39,
        57
    ],
    "solutionTime": 300.06246519088745,
    "solutionCpuTime": 300.06199999997625,
    "status": "Not Solved"
}