{
    "Status": 2,
    "Runtime": 0.9218425750732422,
    "Work": 0.45530918405405907,
    "ObjVal": 14,
    "ObjBound": 14,
    "ObjBoundC": 14,
    "MIPGap": 0,
    "IntVio": 0,
    "BoundVio": 0,
    "ConstrVio": 0,
    "IterCount": 75542,
    "BarIterCount": 0,
    "NodeCount": 8611,
    "SolCount": 4,
    "PoolObjBound": 14,
    "PoolObjVal": [
        14,
        14.999999998399998,
        15,
        17
    ],
    "solutionTime": 0.9218428134918213,
    "solutionCpuTime": 0.9219999999622814,
    "status": "Optimal"
}