{
    "Status": 2,
    "Runtime": 0.2859649658203125,
    "Work": 0.12730031233179134,
    "ObjVal": 15.000000000000004,
    "ObjBound": 15.000000000000004,
    "ObjBoundC": 15.000000000000004,
    "MIPGap": 0,
    "IntVio": 0,
    "BoundVio": 0,
    "ConstrVio": 1.4210854715202004e-14,
    "IterCount": 19678,
    "BarIterCount": 0,
    "NodeCount": 4144,
    "SolCount": 6,
    "PoolObjBound": 15.000000000000004,
    "PoolObjVal": [
        15.000000000000004,
        15.999999998299995,
        15.999999999999998,
        17,
        18,
        28
    ],
    "solutionTime": 0.2929658889770508,
    "solutionCpuTime": 0.2970000000204891,
    "status": "Optimal"
}