{
    "Status": 2,
    "Runtime": 0.07396125793457031,
    "Work": 0.021520374501986385,
    "ObjVal": 12,
    "ObjBound": 12,
    "ObjBoundC": 12,
    "MIPGap": 0,
    "IntVio": 0,
    "BoundVio": 0,
    "ConstrVio": 0,
    "IterCount": 1921,
    "BarIterCount": 0,
    "NodeCount": 343,
    "SolCount": 4,
    "PoolObjBound": 12,
    "PoolObjVal": [
        12,
        12.99999999999996,
        14,
        18
    ],
    "solutionTime": 0.07896614074707031,
    "solutionCpuTime": 0.0779999999795109,
    "status": "Optimal"
}