{
    "Status": 2,
    "Runtime": 0.4689979553222656,
    "Work": 0.2716906201168462,
    "ObjVal": 16,
    "ObjBound": 16,
    "ObjBoundC": 16,
    "MIPGap": 0,
    "IntVio": 0,
    "BoundVio": 0,
    "ConstrVio": 9.982009778752854e-07,
    "IterCount": 31564,
    "BarIterCount": 0,
    "NodeCount": 4712,
    "SolCount": 6,
    "PoolObjBound": 16,
    "PoolObjVal": [
        16,
        16.999999999999975,
        17.999999999999844,
        19,
        20,
        24
    ],
    "solutionTime": 0.4769926071166992,
    "solutionCpuTime": 0.485000000015134,
    "status": "Optimal"
}