{
    "Status": 2,
    "Runtime": 0.015625,
    "Work": 0.002245006593078543,
    "ObjVal": 10,
    "ObjBound": 10,
    "ObjBoundC": 10,
    "MIPGap": 0,
    "IntVio": 0,
    "BoundVio": 0,
    "ConstrVio": 0,
    "IterCount": 109,
    "BarIterCount": 0,
    "NodeCount": 1,
    "SolCount": 2,
    "PoolObjBound": 10,
    "PoolObjVal": [
        10,
        11
    ],
    "solutionTime": 0.0312497615814209,
    "solutionCpuTime": 0.031000000017229468,
    "status": "Optimal"
}