{
    "Status": 2,
    "Runtime": 0.015590667724609375,
    "Work": 0.003389375350537667,
    "ObjVal": 11,
    "ObjBound": 11,
    "ObjBoundC": 11,
    "MIPGap": 0,
    "IntVio": 0,
    "BoundVio": 0,
    "ConstrVio": 0,
    "IterCount": 55,
    "BarIterCount": 0,
    "NodeCount": 1,
    "SolCount": 2,
    "PoolObjBound": 11,
    "PoolObjVal": [
        11,
        15
    ],
    "solutionTime": 0.031249523162841797,
    "solutionCpuTime": 0.03200000000651926,
    "status": "Optimal"
}