{
    "Status": 2,
    "Runtime": 0.10933876037597656,
    "Work": 0.035749111835014,
    "ObjVal": 12,
    "ObjBound": 12,
    "ObjBoundC": 12,
    "MIPGap": 0,
    "IntVio": 0,
    "BoundVio": 0,
    "ConstrVio": 0,
    "IterCount": 7014,
    "BarIterCount": 0,
    "NodeCount": 1675,
    "SolCount": 4,
    "PoolObjBound": 12,
    "PoolObjVal": [
        12,
        12.99999999999998,
        14,
        15
    ],
    "solutionTime": 0.10933876037597656,
    "solutionCpuTime": 0.10899999999674037,
    "status": "Optimal"
}