{
    "Status": 2,
    "Runtime": 0.9999599456787109,
    "Work": 0.455108245251418,
    "ObjVal": 22,
    "ObjBound": 22,
    "ObjBoundC": 22,
    "MIPGap": 0,
    "IntVio": 0,
    "BoundVio": 0,
    "ConstrVio": 0,
    "IterCount": 28768,
    "BarIterCount": 0,
    "NodeCount": 3462,
    "SolCount": 6,
    "PoolObjBound": 22,
    "PoolObjVal": [
        22,
        22.999998999998994,
        23,
        24.999999999999837,
        27,
        53
    ],
    "solutionTime": 1.0155904293060303,
    "solutionCpuTime": 1.0159999999887077,
    "status": "Optimal"
}