{
    "Status": 2,
    "Runtime": 0.010965347290039062,
    "Work": 0.0009837191654314048,
    "ObjVal": 9,
    "ObjBound": 9,
    "ObjBoundC": 9,
    "MIPGap": 0,
    "IntVio": 0,
    "BoundVio": 0,
    "ConstrVio": 0,
    "IterCount": 27,
    "BarIterCount": 0,
    "NodeCount": 1,
    "SolCount": 2,
    "PoolObjBound": 9,
    "PoolObjVal": [
        9,
        14
    ],
    "solutionTime": 0.015001296997070312,
    "solutionCpuTime": 0.01600000000325963,
    "status": "Optimal"
}