{
    "Status": 2,
    "Runtime": 0.014062881469726562,
    "Work": 0.0018387890952576375,
    "ObjVal": 10,
    "ObjBound": 10,
    "ObjBoundC": 10,
    "MIPGap": 0,
    "IntVio": 0,
    "BoundVio": 0,
    "ConstrVio": 0,
    "IterCount": 87,
    "BarIterCount": 0,
    "NodeCount": 1,
    "SolCount": 2,
    "PoolObjBound": 10,
    "PoolObjVal": [
        10,
        14
    ],
    "solutionTime": 0.017504453659057617,
    "solutionCpuTime": 0.01600000000325963,
    "status": "Optimal"
}