{
    "Status": 2,
    "Runtime": 0.1810016632080078,
    "Work": 0.06195031950203347,
    "ObjVal": 16,
    "ObjBound": 16,
    "ObjBoundC": 16,
    "MIPGap": 0,
    "IntVio": 0,
    "BoundVio": 0,
    "ConstrVio": 0,
    "IterCount": 8842,
    "BarIterCount": 0,
    "NodeCount": 1838,
    "SolCount": 5,
    "PoolObjBound": 16,
    "PoolObjVal": [
        16,
        17,
        18,
        20,
        21
    ],
    "solutionTime": 0.18900799751281738,
    "solutionCpuTime": 0.1879999999946449,
    "status": "Optimal"
}