{
    "Status": 2,
    "Runtime": 0.034564971923828125,
    "Work": 0.00548981264241949,
    "ObjVal": 12,
    "ObjBound": 12,
    "ObjBoundC": 12,
    "MIPGap": 0,
    "IntVio": 0,
    "BoundVio": 0,
    "ConstrVio": 0,
    "IterCount": 185,
    "BarIterCount": 0,
    "NodeCount": 1,
    "SolCount": 6,
    "PoolObjBound": 12,
    "PoolObjVal": [
        12,
        12.999999999999986,
        13.999999999999993,
        14.999999999999996,
        16,
        17
    ],
    "solutionTime": 0.04068779945373535,
    "solutionCpuTime": 0.04700000000593718,
    "status": "Optimal"
}